#-----------------------------------------------------------------------
# MaStar Hierarchically Clustered Library (v2)
#-----------------------------------------------------------------------
#
# See https://trac.sdss.org/wiki/MANGA/StellarLib/AndTheDAP/Clustering
#
#   Any star spectrum with a SUB cluster ID set to -1 was removed
#
# Compared to v1, this uses new spectra provided by Renbin Yan from
# MPL-10.
# Specific file used was:
#   https://data.sdss.org/sas/mangawork/manga/spectro/mastar/v3_0_1/trunk/mastar-combspec-bestlsf-extcorr-noline-v3_0_1-trunk.fits
#
# TODO: ADD MANGAID TO THIS TABLE!!
#
#-----------------------------------------------------------------------
#-----------------------------------------------------------------------
# K.B. Westfall,  20 May 2020 - Beta version
#-----------------------------------------------------------------------
#
# SUB Clusters removed:
#   1   Bad noise spike in one spectrum
#   4   Single star
#   5   Single star
#   7   Single star
#   10  Noisy
#   18  Mixed cluster
#   20  Single star
#   21  Single star
#   24  Noisy
#   28  Noisy
#   31  Single star
#   32  Noisy
#   34  Noisy
#   41  Noisy
#   50  Noisy
#   52  Noisy
#   53  Noisy
#   54  Noisy
#   55  Noisy
#   61  Bad cluster
#   62  Noisy
#   63  Noisy
#   64  Single star
#   65  Single star
#   69  Single star
#   72  Bad cluster
#   73  Single star
#   83  Bad cluster
#   89  Bad cluster
#   91  Noisy
#   92  Single star
#   93  Bad cluster
#   94  Single star
#   95  Single star
#
# Columns:
#   1 - Template ID: Just the index of the spectrum in the file provided
#                    by Renbin Yan
#   2 - BASE: Coarse cluster ID (based on fit without continuum
#             adjustment)
#   3 - SUB: Fine cluster ID (based on fit with high-order
#            multiplicative polynomial)
#
# ID BASE  SUB
   0    3   43
   1    3   44
   2    4   51
   3    4   51
   4    3   45
   5    4   49
   6    4   50
   7    3   43
   8    3   43
   9    4   51
  10    3   43
  11    3   43
  12    3   43
  13    3   43
  14    3   45
  15    3   42
  16    4   51
  17    3   43
  18    3   45
  19    4   51
  20    4   51
  21    3   43
  22    3   43
  23    3   37
  24    5   63
  25    5   61
  26    5   64
  27    5   61
  28    4   51
  29    4   53
  30    4   53
  31    5   -1
  32    5   57
  33    3   40
  34    5   59
  35    4   51
  36    5   57
  37    5   93
  38    3   40
  39    4   49
  40    4   48
  41    5   60
  42    1   21
  43    5   55
  44    4   50
  45    4   49
  46    3   40
  47    4   49
  48    4   48
  49    3   39
  50    4   49
  51    7   97
  52    3   42
  53    7   77
  54    2   23
  55    5   65
  56    4   52
  57    3   41
  58    4   53
  59    7   72
  60    4   53
  61    4   53
  62    3   38
  63    5   55
  64    3   37
  65    4   47
  66    3   32
  67    4   53
  68    1   99
  69    5   59
  70    4   49
  71    2   23
  72    7   80
  73    4   46
  74    2   22
  75    5   60
  76    5   58
  77    2   22
  78    4   50
  79    5   57
  80    4   46
  81    4   47
  82    2   23
  83    0    3
  84    4   46
  85    5   62
  86    5   63
  87    4   46
  88    4   46
  89    5   58
  90    5   62
  91    1   17
  92    1   18
  93    1   18
  94    5   56
  95    5   60
  96    1   88
  97    3   43
  98    4   46
  99    5   56
 100    3   41
 101    5   60
 102    3   34
 103    7   81
 104    4   48
 105    4   48
 106    5   57
 107    4   48
 108    5   58
 109    0    3
 110    4   47
 111    3   45
 112    5   60
 113    4   48
 114    1   16
 115    3   43
 116    3   44
 117    4   48
 118    4   49
 119    5   56
 120    2   22
 121    1   17
 122    2   22
 123    4   48
 124    4   49
 125    4   48
 126    5   56
 127    4   53
 128    3   45
 129    2   23
 130    5   57
 131    4   51
 132    4   48
 133    4   49
 134    5   57
 135    4   49
 136    4   49
 137    4   48
 138    3   44
 139    3   -1
 140    5   59
 141    7   85
 142    3   43
 143    4   48
 144    3   38
 145    5   60
 146    3   44
 147    2   23
 148    1   16
 149    4   48
 150    1   17
 151    4   48
 152    3   38
 153    1   18
 154    4   49
 155    4   53
 156    1   17
 157    3   40
 158    4   47
 159    4   48
 160    3   34
 161    3   40
 162    4   52
 163    3   45
 164    4   49
 165    4   48
 166    5   55
 167    4   47
 168    4   48
 169    4   48
 170    4   49
 171    4   48
 172    1   20
 173    0    3
 174    4   49
 175    1   18
 176    4   53
 177    1   13
 178    5   54
 179    7   -1
 180    4   53
 181    5   61
 182    5   63
 183    2   23
 184    1   16
 185    0    3
 186    7   -1
 187    2   23
 188    5   55
 189    0    3
 190    4   46
 191    4   46
 192    3   44
 193    4   48
 194    1   17
 195    3   44
 196    4   47
 197    5   62
 198    4   49
 199    6   68
 200    4   48
 201    5   58
 202    4   49
 203    0    3
 204    4   51
 205    3   41
 206    5   60
 207    2   23
 208    4   48
 209    4   53
 210    3   45
 211    4   49
 212    5   56
 213    4   49
 214    4   53
 215    2   89
 216    4   49
 217    4   51
 218    1   14
 219    4   48
 220    1   14
 221    1   19
 222    4   49
 223    4   48
 224    4   48
 225    4   50
 226    4   51
 227    5   56
 228    4   47
 229    4   48
 230    2   22
 231    1   19
 232    4   49
 233    4   47
 234    4   49
 235    5   58
 236    4   48
 237    2   22
 238    4   48
 239    7   87
 240    4   48
 241    4   48
 242    5   60
 243    4   47
 244    1   18
 245    4   51
 246    4   48
 247    3   42
 248    4   51
 249    1   17
 250    2   23
 251    5   58
 252    4   53
 253    4   47
 254    3   35
 255    3   43
 256    7   81
 257    1   17
 258    4   48
 259    5   55
 260    3   38
 261    4   49
 262    4   49
 263    4   49
 264    2   23
 265    5   56
 266    4   49
 267    4   48
 268    4   48
 269    4   49
 270    4   49
 271    4   48
 272    4   49
 273    4   48
 274    0    5
 275    4   48
 276    1   17
 277    1   19
 278    0    9
 279    4   49
 280    3   37
 281    2   28
 282    1   17
 283    4   51
 284    7   85
 285    1   17
 286    4   48
 287    4   48
 288    4   48
 289    3   36
 290    4   49
 291    4   48
 292    4   49
 293    5   57
 294    4   49
 295    5   57
 296    3   42
 297    5   58
 298    5   56
 299    5   57
 300    5   57
 301    7   81
 302    3   42
 303    3   43
 304    4   49
 305    5   60
 306    4   48
 307    4   51
 308    1   19
 309    3   42
 310    5   60
 311    5   56
 312    4   48
 313    4   48
 314    7   80
 315    5   60
 316    0    3
 317    4   48
 318    4   51
 319    5   58
 320    3   38
 321    4   48
 322    3   43
 323    7   81
 324    4   51
 325    4   49
 326    3   45
 327    4   47
 328    7   85
 329    4   49
 330    5   57
 331    4   48
 332    4   48
 333    4   48
 334    4   48
 335    3   42
 336    3   44
 337    3   38
 338    5   60
 339    1   10
 340    6   96
 341    3   42
 342    0    3
 343    4   47
 344    7   87
 345    4   46
 346    4   46
 347    5   60
 348    4   49
 349    4   48
 350    4   47
 351    1   17
 352    3   42
 353    3   43
 354    3   44
 355    7   79
 356    4   51
 357    3   36
 358    4   48
 359    4   49
 360    4   49
 361    5   56
 362    4   48
 363    0    3
 364    4   49
 365    4   48
 366    4   49
 367    1   19
 368    3   34
 369    4   49
 370    4   48
 371    7   -1
 372    4   49
 373    4   49
 374    4   49
 375    2   28
 376    2   28
 377    4   48
 378    3   45
 379    3   36
 380    0    3
 381    4   48
 382    0    3
 383    0    2
 384    4   47
 385    4   47
 386    2   23
 387    4   48
 388    5   59
 389    4   48
 390    4   48
 391    4   48
 392    4   48
 393    4   49
 394    2   23
 395    4   48
 396    2   22
 397    4   48
 398    4   48
 399    4   48
 400    7   81
 401    1   17
 402    4   47
 403    3   43
 404    1   17
 405    2   22
 406    1   17
 407    2   23
 408    4   49
 409    1   17
 410    3   43
 411    4   48
 412    4   48
 413    4   47
 414    4   49
 415    4   48
 416    1   17
 417    4   51
 418    4   49
 419    4   48
 420    4   48
 421    4   48
 422    4   48
 423    4   49
 424    4   48
 425    4   49
 426    5   57
 427    4   48
 428    1   17
 429    5   57
 430    3   -1
 431    4   51
 432    5   61
 433    4   48
 434    2   -1
 435    4   49
 436    4   49
 437    4   48
 438    4   49
 439    7   85
 440    4   47
 441    4   49
 442    4   49
 443    4   47
 444    4   48
 445    4   47
 446    4   48
 447    1   17
 448    4   48
 449    3   39
 450    4   47
 451    4   49
 452    4   51
 453    2   23
 454    4   47
 455    4   49
 456    4   48
 457    4   48
 458    1   17
 459    4   49
 460    4   49
 461    4   49
 462    5   57
 463    2   28
 464    4   49
 465    4   48
 466    2   23
 467    4   48
 468    4   47
 469    5   57
 470    4   47
 471    4   47
 472    4   47
 473    4   47
 474    4   48
 475    4   49
 476    4   49
 477    4   49
 478    3   43
 479    3   42
 480    4   48
 481    7   77
 482    4   46
 483    3   36
 484    7   85
 485    4   49
 486    4   47
 487    4   49
 488    4   48
 489    3   42
 490    1   17
 491    5   59
 492    2   22
 493    1   17
 494    3   42
 495    4   48
 496    3   43
 497    3   33
 498    4   48
 499    4   48
 500    3   42
 501    4   46
 502    4   46
 503    4   48
 504    4   48
 505    3   42
 506    4   51
 507    4   49
 508    2   22
 509    2   22
 510    4   49
 511    4   48
 512    4   48
 513    4   49
 514    3   41
 515    5   56
 516    2   23
 517    4   47
 518    1   17
 519    7   80
 520    4   48
 521    5   54
 522    4   48
 523    4   49
 524    5   56
 525    4   48
 526    4   48
 527    5   57
 528    4   48
 529    4   48
 530    4   49
 531    4   48
 532    4   48
 533    4   48
 534    3   43
 535    4   49
 536    7   80
 537    3   45
 538    1   17
 539    4   47
 540    4   49
 541    5   57
 542    4   47
 543    5   56
 544    5   58
 545    4   47
 546    5   56
 547    5   60
 548    3   42
 549    4   49
 550    4   48
 551    4   47
 552    4   49
 553    4   50
 554    4   49
 555    3   38
 556    4   49
 557    3   38
 558    3   39
 559    4   48
 560    4   48
 561    4   51
 562    1   17
 563    4   47
 564    4   48
 565    4   49
 566    4   48
 567    5   56
 568    0    3
 569    4   49
 570    4   49
 571    3   41
 572    3   43
 573    4   48
 574    0    3
 575    2   23
 576    7   80
 577    1   17
 578    4   48
 579    4   48
 580    2   22
 581    4   47
 582    4   46
 583    5   56
 584    1   17
 585    1   17
 586    5   59
 587    4   47
 588    1   19
 589    1   17
 590    4   47
 591    3   39
 592    4   48
 593    1   99
 594    4   49
 595    4   48
 596    2   23
 597    3   42
 598    4   49
 599    3   38
 600    3   43
 601    4   49
 602    6   68
 603    4   48
 604    4   47
 605    4   48
 606    4   48
 607    4   48
 608    5   58
 609    4   48
 610    5   58
 611    4   48
 612    3   42
 613    7   86
 614    3   43
 615    7   75
 616    3   38
 617    5   60
 618    4   48
 619    3   38
 620    0    3
 621    4   48
 622    4   48
 623    4   51
 624    5   59
 625    7   81
 626    4   48
 627    3   33
 628    2   22
 629    2   -1
 630    4   48
 631    4   49
 632    4   47
 633    3   38
 634    4   47
 635    4   47
 636    4   47
 637    4   48
 638    1   17
 639    0    4
 640    3   38
 641    4   48
 642    3   33
 643    5   58
 644    2   23
 645    1   17
 646    4   49
 647    4   49
 648    4   49
 649    4   46
 650    4   48
 651    4   46
 652    5   59
 653    4   48
 654    4   48
 655    3   37
 656    2   22
 657    4   49
 658    5   57
 659    0    3
 660    7   85
 661    4   48
 662    7   85
 663    3   33
 664    5   55
 665    4   49
 666    4   53
 667    4   46
 668    2   28
 669    5   56
 670    2   22
 671    1   11
 672    4   52
 673    5   58
 674    4   51
 675    3   37
 676    4   47
 677    2   23
 678    5   59
 679    5   57
 680    3   39
 681    3   42
 682    5   58
 683    4   53
 684    5   56
 685    1   15
 686    4   48
 687    2   22
 688    4   48
 689    4   48
 690    4   47
 691    4   48
 692    5   91
 693    2   24
 694    4   48
 695    4   53
 696    1   11
 697    4   47
 698    5   59
 699    7   85
 700    4   49
 701    7   80
 702    3   38
 703    1   14
 704    4   51
 705    3   33
 706    4   49
 707    3   39
 708    5   57
 709    2   23
 710    4   47
 711    4   48
 712    3   32
 713    3   39
 714    4   49
 715    4   47
 716    7   77
 717    4   53
 718    2   23
 719    3   40
 720    4   48
 721    3   33
 722    5   59
 723    7   84
 724    0    3
 725    1   11
 726    4   49
 727    7   83
 728    3   36
 729    5   60
 730    5   56
 731    4   49
 732    7   85
 733    7   84
 734    1   15
 735    4   49
 736    3   36
 737    4   53
 738    4   46
 739    3   33
 740    4   48
 741    0    3
 742    4   49
 743    4   51
 744    1   17
 745    5   60
 746    4   49
 747    4   49
 748    7   84
 749    1   14
 750    4   49
 751    4   49
 752    4   49
 753    3   33
 754    4   49
 755    4   48
 756    3   40
 757    4   47
 758    4   46
 759    4   49
 760    1   14
 761    4   49
 762    4   48
 763    3   39
 764    7   80
 765    1   11
 766    4   49
 767    3   40
 768    1   11
 769    3   39
 770    3   39
 771    4   48
 772    7   84
 773    3   39
 774    3   39
 775    4   48
 776    4   46
 777    4   47
 778    4   51
 779    3   33
 780    4   48
 781    4   49
 782    4   53
 783    5   61
 784    7   80
 785    3   38
 786    4   47
 787    2   23
 788    3   42
 789    4   49
 790    5   56
 791    4   49
 792    3   34
 793    4   51
 794    1   15
 795    1   19
 796    4   49
 797    4   49
 798    3   33
 799    4   49
 800    3   39
 801    4   49
 802    7   86
 803    1   19
 804    4   50
 805    2   22
 806    4   47
 807    4   50
 808    4   50
 809    4   47
 810    4   49
 811    5   60
 812    5   60
 813    5   60
 814    4   47
 815    4   48
 816    4   49
 817    4   48
 818    4   49
 819    5   -1
 820    3   38
 821    5   59
 822    4   49
 823    4   47
 824    3   39
 825    7   84
 826    4   51
 827    5   58
 828    4   48
 829    4   48
 830    4   47
 831    5   60
 832    5   59
 833    5   60
 834    4   48
 835    5   63
 836    4   49
 837    4   49
 838    5   58
 839    3   38
 840    4   48
 841    3   41
 842    4   49
 843    0    3
 844    5   91
 845    5   56
 846    5   59
 847    4   48
 848    5   56
 849    4   49
 850    5   58
 851    5   56
 852    3   42
 853    2   22
 854    4   48
 855    1   13
 856    4   53
 857    4   49
 858    5   61
 859    7   83
 860    3   40
 861    4   49
 862    4   49
 863    1   13
 864    4   48
 865    3   38
 866    4   50
 867    4   46
 868    5   57
 869    2   30
 870    4   51
 871    7   80
 872    4   48
 873    3   38
 874    4   49
 875    4   49
 876    4   48
 877    4   47
 878    4   47
 879    2   23
 880    5   59
 881    4   49
 882    5   55
 883    4   48
 884    3   42
 885    4   48
 886    1   16
 887    2   23
 888    4   47
 889    4   47
 890    2   23
 891    4   47
 892    2   23
 893    1   11
 894    4   48
 895    3   39
 896    4   48
 897    4   49
 898    4   49
 899    4   47
 900    0    3
 901    5   56
 902    7   84
 903    1   -1
 904    5   57
 905    5   58
 906    5   60
 907    1   13
 908    4   51
 909    2   23
 910    4   51
 911    7   79
 912    2   22
 913    5   57
 914    3   40
 915    4   49
 916    4   48
 917    1   14
 918    2   24
 919    5   60
 920    4   49
 921    7   87
 922    4   48
 923    3   42
 924    0    3
 925    3   39
 926    4   49
 927    5   57
 928    4   49
 929    6   68
 930    3   42
 931    4   49
 932    4   48
 933    1   18
 934    2   23
 935    3   42
 936    3   42
 937    4   48
 938    3   37
 939    4   49
 940    6   96
 941    3   39
 942    4   47
 943    4   48
 944    4   48
 945    4   48
 946    4   47
 947    0    3
 948    5   60
 949    4   47
 950    3   36
 951    4   46
 952    5   56
 953    4   47
 954    5   54
 955    4   51
 956    3   40
 957    4   49
 958    1   19
 959    4   49
 960    3   44
 961    5   60
 962    4   49
 963    3   33
 964    7   87
 965    0    3
 966    5   54
 967    5   55
 968    3   41
 969    3   41
 970    7   84
 971    5   56
 972    7   72
 973    1   19
 974    3   44
 975    5   59
 976    2   31
 977    1   19
 978    4   49
 979    3   40
 980    5   57
 981    4   47
 982    3   40
 983    5   57
 984    2   23
 985    3   38
 986    3   42
 987    4   48
 988    7   74
 989    4   47
 990    5   58
 991    7   86
 992    4   49
 993    4   48
 994    4   48
 995    4   48
 996    3   40
 997    4   48
 998    5   56
 999    7   84
1000    4   51
1001    2   22
1002    4   46
1003    4   53
1004    5   60
1005    7   75
1006    4   47
1007    4   47
1008    4   48
1009    2   23
1010    5   58
1011    5   59
1012    4   51
1013    4   47
1014    4   48
1015    5   57
1016    4   47
1017    4   48
1018    1   17
1019    4   47
1020    4   48
1021    4   48
1022    4   50
1023    5   57
1024    1   19
1025    4   47
1026    4   47
1027    4   51
1028    5   57
1029    5   93
1030    4   53
1031    3   44
1032    3   43
1033    3   45
1034    3   43
1035    3   43
1036    3   43
1037    3   45
1038    3   45
1039    4   51
1040    3   43
1041    3   43
1042    3   43
1043    3   43
1044    3   43
1045    3   42
1046    4   49
1047    3   43
1048    3   42
1049    4   51
1050    4   49
1051    3   34
1052    3   43
1053    3   45
1054    3   43
1055    3   43
1056    3   43
1057    3   43
1058    3   43
1059    3   43
1060    3   45
1061    3   42
1062    3   42
1063    3   43
1064    3   42
1065    4   51
1066    3   44
1067    3   45
1068    3   42
1069    3   42
1070    3   45
1071    4   49
1072    4   49
1073    3   43
1074    4   51
1075    3   -1
1076    4   51
1077    3   -1
1078    4   49
1079    3   45
1080    3   45
1081    3   41
1082    4   51
1083    3   43
1084    3   42
1085    4   50
1086    4   49
1087    4   49
1088    3   43
1089    4   51
1090    4   51
1091    4   51
1092    4   50
1093    3   43
1094    3   43
1095    3   41
1096    3   43
1097    3   43
1098    3   43
1099    4   51
1100    3   -1
1101    4   51
1102    4   51
1103    3   43
1104    4   49
1105    4   49
1106    4   50
1107    3   45
1108    3   -1
1109    4   49
1110    3   43
1111    3   43
1112    3   45
1113    3   43
1114    3   43
1115    3   43
1116    4   51
1117    4   51
1118    3   43
1119    3   45
1120    3   45
1121    3   43
1122    3   43
1123    4   51
1124    4   50
1125    4   49
1126    4   51
1127    4   49
1128    4   50
1129    4   49
1130    4   49
1131    4   51
1132    3   43
1133    3   43
1134    3   43
1135    3   43
1136    3   43
1137    4   49
1138    4   51
1139    3   41
1140    3   43
1141    3   43
1142    4   51
1143    4   49
1144    3   45
1145    3   43
1146    4   49
1147    4   49
1148    4   50
1149    3   42
1150    3   43
1151    4   49
1152    4   49
1153    3   43
1154    3   43
1155    3   43
1156    3   45
1157    3   41
1158    3   43
1159    3   45
1160    3   43
1161    3   43
1162    3   43
1163    3   43
1164    3   42
1165    3   42
1166    3   43
1167    4   51
1168    3   42
1169    3   43
1170    4   49
1171    3   43
1172    3   42
1173    3   41
1174    3   45
1175    4   49
1176    4   51
1177    4   49
1178    3   43
1179    3   43
1180    3   43
1181    3   43
1182    4   49
1183    4   51
1184    4   49
1185    3   45
1186    4   49
1187    4   49
1188    3   43
1189    3   45
1190    3   45
1191    3   43
1192    3   43
1193    3   43
1194    3   45
1195    4   49
1196    3   43
1197    4   48
1198    3   43
1199    3   43
1200    3   42
1201    3   43
1202    4   53
1203    4   51
1204    3   44
1205    4   51
1206    3   43
1207    4   49
1208    4   49
1209    4   51
1210    3   45
1211    4   49
1212    3   -1
1213    4   53
1214    4   49
1215    3   39
1216    4   51
1217    4   49
1218    4   53
1219    4   49
1220    3   45
1221    3   39
1222    3   41
1223    4   51
1224    3   43
1225    3   42
1226    3   43
1227    3   42
1228    3   43
1229    4   51
1230    4   49
1231    4   51
1232    3   45
1233    4   49
1234    3   42
1235    4   51
1236    3   43
1237    3   42
1238    4   49
1239    3   42
1240    4   51
1241    3   43
1242    3   43
1243    3   45
1244    4   49
1245    3   45
1246    4   49
1247    3   45
1248    4   51
1249    4   49
1250    3   43
1251    3   43
1252    3   43
1253    4   49
1254    4   51
1255    3   41
1256    3   45
1257    3   43
1258    4   51
1259    4   51
1260    3   43
1261    4   49
1262    3   42
1263    3   43
1264    3   42
1265    4   53
1266    3   -1
1267    3   45
1268    4   53
1269    3   45
1270    4   49
1271    3   43
1272    3   43
1273    3   43
1274    3   44
1275    4   49
1276    3   44
1277    4   50
1278    3   43
1279    3   42
1280    4   51
1281    4   49
1282    3   45
1283    3   43
1284    3   43
1285    3   42
1286    3   45
1287    3   43
1288    4   51
1289    4   49
1290    4   49
1291    3   43
1292    4   49
1293    3   45
1294    4   51
1295    4   49
1296    3   34
1297    4   49
1298    3   41
1299    3   39
1300    3   45
1301    3   -1
1302    4   51
1303    4   51
1304    3   42
1305    3   43
1306    4   49
1307    4   51
1308    4   53
1309    3   42
1310    3   44
1311    4   49
1312    4   50
1313    4   53
1314    3   41
1315    3   43
1316    4   49
1317    4   51
1318    4   51
1319    3   42
1320    4   51
1321    3   45
1322    3   43
1323    3   45
1324    3   41
1325    4   49
1326    3   40
1327    4   48
1328    3   41
1329    4   49
1330    4   51
1331    3   43
1332    3   44
1333    3   45
1334    3   42
1335    3   45
1336    4   51
1337    4   51
1338    4   50
1339    4   51
1340    3   -1
1341    4   51
1342    3   43
1343    3   43
1344    4   51
1345    3   42
1346    3   43
1347    3   45
1348    4   49
1349    3   44
1350    3   45
1351    4   49
1352    4   51
1353    4   49
1354    3   43
1355    4   51
1356    3   45
1357    4   51
1358    4   51
1359    4   51
1360    3   43
1361    3   43
1362    3   43
1363    3   45
1364    3   43
1365    3   43
1366    4   49
1367    3   34
1368    3   41
1369    4   51
1370    3   44
1371    4   51
1372    3   43
1373    3   44
1374    3   43
1375    3   43
1376    3   45
1377    3   43
1378    4   49
1379    3   42
1380    3   43
1381    3   43
1382    3   45
1383    3   43
1384    4   51
1385    3   43
1386    3   45
1387    3   44
1388    3   45
1389    3   45
1390    4   49
1391    3   45
1392    4   49
1393    4   51
1394    3   43
1395    3   43
1396    3   42
1397    3   45
1398    4   49
1399    4   51
1400    3   43
1401    4   51
1402    3   44
1403    3   43
1404    3   43
1405    3   45
1406    4   51
1407    3   44
1408    3   43
1409    3   43
1410    3   43
1411    3   45
1412    4   51
1413    3   41
1414    3   -1
1415    3   43
1416    4   49
1417    4   49
1418    4   51
1419    3   45
1420    3   34
1421    3   41
1422    3   42
1423    3   43
1424    3   43
1425    3   45
1426    4   49
1427    4   49
1428    3   43
1429    3   41
1430    3   43
1431    3   45
1432    4   51
1433    3   43
1434    4   49
1435    3   34
1436    4   53
1437    4   49
1438    3   41
1439    3   41
1440    3   45
1441    4   51
1442    3   43
1443    4   48
1444    4   50
1445    3   41
1446    4   49
1447    4   50
1448    3   43
1449    3   43
1450    3   43
1451    3   -1
1452    3   43
1453    3   45
1454    3   44
1455    3   41
1456    3   45
1457    4   51
1458    3   45
1459    4   49
1460    4   51
1461    3   42
1462    3   45
1463    3   42
1464    3   41
1465    7   -1
1466    4   49
1467    4   51
1468    4   49
1469    3   43
1470    3   43
1471    3   32
1472    3   45
1473    3   45
1474    3   43
1475    3   43
1476    3   44
1477    3   41
1478    3   42
1479    3   41
1480    3   -1
1481    4   49
1482    3   41
1483    4   49
1484    3   41
1485    3   41
1486    3   41
1487    3   42
1488    4   49
1489    4   51
1490    3   43
1491    4   49
1492    3   42
1493    3   43
1494    4   49
1495    4   51
1496    3   45
1497    4   51
1498    4   51
1499    3   43
1500    3   43
1501    4   49
1502    3   42
1503    3   43
1504    4   51
1505    3   41
1506    3   45
1507    3   45
1508    3   43
1509    4   53
1510    3   45
1511    4   50
1512    3   45
1513    4   51
1514    3   41
1515    3   -1
1516    4   49
1517    3   43
1518    4   51
1519    3   43
1520    3   43
1521    4   53
1522    4   51
1523    3   43
1524    3   43
1525    4   51
1526    3   45
1527    4   49
1528    3   43
1529    3   45
1530    4   49
1531    3   43
1532    3   45
1533    3   -1
1534    3   45
1535    4   49
1536    4   51
1537    3   42
1538    3   43
1539    4   49
1540    3   90
1541    4   49
1542    3   90
1543    3   45
1544    3   42
1545    3   41
1546    3   42
1547    3   45
1548    3   45
1549    3   45
1550    3   43
1551    4   50
1552    4   49
1553    4   51
1554    3   43
1555    4   51
1556    3   43
1557    4   49
1558    4   49
1559    3   43
1560    3   43
1561    4   51
1562    4   51
1563    3   43
1564    3   43
1565    3   43
1566    3   43
1567    3   43
1568    3   43
1569    3   43
1570    3   43
1571    3   43
1572    3   43
1573    3   42
1574    3   43
1575    3   43
1576    3   43
1577    3   43
1578    4   49
1579    3   43
1580    4   51
1581    3   41
1582    3   43
1583    4   50
1584    4   46
1585    3   43
1586    4   50
1587    3   43
1588    3   43
1589    4   49
1590    3   42
1591    4   49
1592    4   49
1593    4   51
1594    3   43
1595    4   51
1596    3   44
1597    3   41
1598    4   51
1599    3   44
1600    3   45
1601    3   45
1602    3   42
1603    3   43
1604    4   51
1605    3   43
1606    4   51
1607    4   49
1608    3   -1
1609    4   51
1610    4   51
1611    3   45
1612    3   41
1613    3   43
1614    3   45
1615    3   41
1616    3   42
1617    4   51
1618    3   -1
1619    3   45
1620    4   49
1621    3   43
1622    3   43
1623    3   42
1624    3   43
1625    3   43
1626    4   49
1627    3   43
1628    3   43
1629    3   41
1630    4   50
1631    4   51
1632    4   49
1633    3   43
1634    3   43
1635    3   43
1636    4   51
1637    4   51
1638    3   -1
1639    4   51
1640    4   51
1641    4   51
1642    3   43
1643    3   -1
1644    3   43
1645    4   50
1646    3   43
1647    4   51
1648    3   43
1649    3   44
1650    4   51
1651    4   53
1652    3   43
1653    3   43
1654    3   43
1655    4   50
1656    3   -1
1657    3   44
1658    3   44
1659    3   -1
1660    4   51
1661    3   43
1662    3   43
1663    4   50
1664    3   45
1665    3   42
1666    3   41
1667    3   43
1668    3   41
1669    4   51
1670    4   51
1671    3   44
1672    3   45
1673    3   43
1674    3   43
1675    3   43
1676    3   43
1677    4   51
1678    4   51
1679    3   43
1680    3   42
1681    3   43
1682    3   43
1683    3   45
1684    4   51
1685    3   43
1686    3   43
1687    3   43
1688    4   51
1689    4   51
1690    3   43
1691    4   51
1692    3   43
1693    4   49
1694    3   44
1695    4   51
1696    4   51
1697    4   49
1698    4   49
1699    3   43
1700    3   43
1701    3   43
1702    4   50
1703    3   43
1704    3   43
1705    3   43
1706    4   49
1707    3   43
1708    3   43
1709    4   51
1710    3   43
1711    3   45
1712    3   45
1713    3   43
1714    3   43
1715    3   43
1716    3   43
1717    3   43
1718    3   44
1719    3   45
1720    3   43
1721    4   50
1722    4   49
1723    4   51
1724    3   43
1725    3   43
1726    3   43
1727    4   51
1728    4   49
1729    3   44
1730    3   45
1731    4   49
1732    4   49
1733    4   51
1734    3   43
1735    4   50
1736    4   51
1737    4   51
1738    3   43
1739    3   43
1740    3   43
1741    3   42
1742    3   43
1743    4   49
1744    4   49
1745    3   43
1746    3   43
1747    3   43
1748    3   43
1749    3   45
1750    4   53
1751    4   49
1752    3   44
1753    3   43
1754    3   43
1755    4   51
1756    4   49
1757    4   51
1758    3   45
1759    3   41
1760    3   34
1761    3   45
1762    3   42
1763    3   45
1764    3   45
1765    4   50
1766    4   48
1767    3   45
1768    3   45
1769    3   43
1770    4   49
1771    3   45
1772    7   77
1773    3   43
1774    3   42
1775    4   52
1776    3   43
1777    4   51
1778    4   51
1779    3   43
1780    4   51
1781    3   43
1782    3   43
1783    3   43
1784    4   51
1785    3   44
1786    3   43
1787    3   43
1788    3   43
1789    3   45
1790    3   43
1791    3   44
1792    3   41
1793    3   44
1794    4   49
1795    3   41
1796    4   53
1797    4   50
1798    3   43
1799    3   43
1800    3   45
1801    3   45
1802    3   43
1803    3   43
1804    3   43
1805    3   43
1806    4   51
1807    3   43
1808    3   43
1809    3   45
1810    4   49
1811    3   43
1812    3   43
1813    3   43
1814    4   51
1815    3   43
1816    3   42
1817    3   43
1818    3   41
1819    3   43
1820    3   43
1821    3   43
1822    3   43
1823    4   49
1824    3   43
1825    4   50
1826    4   49
1827    3   43
1828    3   43
1829    4   51
1830    3   43
1831    3   43
1832    4   51
1833    3   45
1834    3   45
1835    3   43
1836    4   51
1837    3   43
1838    3   43
1839    3   44
1840    3   43
1841    4   49
1842    3   45
1843    7   85
1844    4   48
1845    4   47
1846    4   49
1847    7   81
1848    6   68
1849    1   14
1850    4   51
1851    4   46
1852    1   12
1853    5   59
1854    2   26
1855    5   60
1856    1   12
1857    4   53
1858    6   70
1859    4   47
1860    5   57
1861    4   51
1862    4   49
1863    4   47
1864    4   48
1865    4   47
1866    4   47
1867    4   48
1868    7   86
1869    4   49
1870    4   47
1871    4   47
1872    4   49
1873    0    9
1874    4   49
1875    3   39
1876    3   39
1877    0    6
1878    3   38
1879    4   53
1880    3   40
1881    4   47
1882    7   75
1883    0    3
1884    1   14
1885    3   39
1886    4   47
1887    2   27
1888    4   49
1889    3   40
1890    4   49
1891    4   48
1892    4   47
1893    4   46
1894    3   39
1895    3   39
1896    6   96
1897    3   39
1898    1   14
1899    4   51
1900    3   39
1901    3   39
1902    4   48
1903    1   12
1904    3   39
1905    4   47
1906    7   85
1907    6   70
1908    4   49
1909    4   47
1910    4   48
1911    0    3
1912    7   81
1913    4   48
1914    4   48
1915    4   48
1916    4   53
1917    7   74
1918    4   47
1919    4   48
1920    4   47
1921    0    8
1922    4   48
1923    3   39
1924    4   47
1925    0    3
1926    2   23
1927    2   29
1928    5   58
1929    3   40
1930    1   14
1931    7   80
1932    7   84
1933    3   36
1934    7   85
1935    3   40
1936    7   80
1937    0    3
1938    3   39
1939    4   48
1940    4   51
1941    4   49
1942    7   80
1943    4   49
1944    4   49
1945    2   22
1946    4   47
1947    4   47
1948    4   49
1949    1   19
1950    3   36
1951    3   40
1952    4   47
1953    1   16
1954    4   49
1955    5   -1
1956    3   42
1957    0    3
1958    1   12
1959    0    9
1960    3   40
1961    4   48
1962    3   39
1963    4   51
1964    3   39
1965    3   33
1966    7   84
1967    7   84
1968    4   50
1969    3   39
1970    7   77
1971    4   49
1972    0    3
1973    7   84
1974    7   85
1975    3   40
1976    4   47
1977    3   33
1978    3   39
1979    4   49
1980    3   39
1981    7   76
1982    7   75
1983    5   63
1984    5   57
1985    7   75
1986    3   37
1987    3   39
1988    3   39
1989    3   39
1990    3   39
1991    3   40
1992    3   33
1993    3   42
1994    2   26
1995    5   59
1996    7   77
1997    7   -1
1998    4   47
1999    3   40
2000    3   39
2001    7   98
2002    4   47
2003    4   48
2004    3   37
2005    7   97
2006    3   37
2007    4   47
2008    5   60
2009    0    8
2010    0    8
2011    1   12
2012    2   26
2013    1   13
2014    3   38
2015    3   39
2016    3   38
2017    4   49
2018    4   48
2019    3   39
2020    3   39
2021    4   51
2022    4   48
2023    3   33
2024    4   48
2025    3   39
2026    7   97
2027    4   47
2028    7   97
2029    7   97
2030    7   97
2031    3   39
2032    3   40
2033    3   37
2034    4   48
2035    4   49
2036    3   39
2037    3   38
2038    4   49
2039    4   49
2040    4   48
2041    3   39
2042    3   39
2043    3   38
2044    4   48
2045    4   48
2046    6   71
2047    3   39
2048    4   48
2049    4   48
2050    3   -1
2051    4   53
2052    7   97
2053    3   39
2054    3   38
2055    4   47
2056    3   39
2057    6   95
2058    3   39
2059    3   38
2060    4   49
2061    5   59
2062    3   39
2063    4   48
2064    3   40
2065    3   38
2066    6   94
2067    2   30
2068    1   14
2069    0    7
2070    4   47
2071    5   56
2072    2   27
2073    4   49
2074    0    6
2075    4   48
2076    4   47
2077    2   27
2078    2   26
2079    2   26
2080    6   71
2081    3   33
2082    1   18
2083    3   36
2084    7   84
2085    0    3
2086    0    3
2087    2   23
2088    4   48
2089    0    3
2090    2   23
2091    4   47
2092    4   48
2093    0   -1
2094    2   23
2095    4   47
2096    3   42
2097    4   49
2098    4   49
2099    2   23
2100    5   56
2101    5   60
2102    4   48
2103    4   48
2104    5   56
2105    4   48
2106    5   59
2107    3   43
2108    4   46
2109    7   85
2110    4   46
2111    4   48
2112    4   49
2113    0    3
2114    0    2
2115    1   17
2116    3   44
2117    0    8
2118    5   58
2119    3   39
2120    4   47
2121    4   49
2122    6   67
2123    7   81
2124    0   -1
2125    5   56
2126    7   76
2127    6   66
2128    4   48
2129    4   48
2130    4   48
2131    2   30
2132    2   29
2133    6   66
2134    4   47
2135    4   48
2136    5   58
2137    3   39
2138    4   49
2139    2   89
2140    7   74
2141    5   55
2142    5   56
2143    5   56
2144    4   49
2145    5   56
2146    4   48
2147    4   49
2148    5   56
2149    1   14
2150    3   40
2151    2   22
2152    3   33
2153    6   69
2154    2   29
2155    4   47
2156    3   38
2157    1   18
2158    4   47
2159    4   47
2160    3   39
2161    2   26
2162    0    0
2163    2   29
2164    3   38
2165    2   26
2166    2   26
2167    4   47
2168    7   80
2169    3   39
2170    4   48
2171    4   47
2172    3   36
2173    4   49
2174    3   39
2175    4   49
2176    4   49
2177    0    0
2178    4   49
2179    3   38
2180    3   39
2181    4   48
2182    3   33
2183    7   84
2184    4   48
2185    5   56
2186    7   84
2187    7   98
2188    1   99
2189    1   15
2190    4   51
2191    4   51
2192    5   54
2193    4   49
2194    4   48
2195    4   48
2196    7   82
2197    5   60
2198    4   51
2199    1   16
2200    0   -1
2201    4   48
2202    4   48
2203    4   48
2204    1   88
2205    1   99
2206    5   92
2207    4   49
2208    4   53
2209    1   16
2210    4   48
2211    3   42
2212    4   48
2213    4   51
2214    4   48
2215    4   49
2216    4   48
2217    7   81
2218    4   48
2219    2   26
2220    4   49
2221    0    6
2222    4   47
2223    4   48
2224    4   47
2225    1   14
2226    4   48
2227    4   48
2228    4   48
2229    7   85
2230    4   47
2231    4   51
2232    4   48
2233    3   42
2234    4   49
2235    4   48
2236    4   48
2237    4   47
2238    2   27
2239    7   74
2240    1   15
2241    7   81
2242    7   85
2243    4   49
2244    3   34
2245    4   48
2246    4   48
2247    5   56
2248    4   47
2249    1   15
2250    7   74
2251    0    9
2252    4   49
2253    4   47
2254    3   39
2255    7   80
2256    4   47
2257    4   47
2258    4   48
2259    3   33
2260    2   26
2261    0   -1
2262    0    9
2263    4   53
2264    5   63
2265    7   85
2266    3   36
2267    3   36
2268    5   56
2269    3   39
2270    4   51
2271    2   27
2272    2   27
2273    0    9
2274    3   40
2275    0    9
2276    0    9
2277    4   51
2278    7   79
2279    2   26
2280    7   79
2281    4   49
2282    2   23
2283    6   71
2284    4   51
2285    4   49
2286    1   16
2287    3   39
2288    4   49
2289    0    3
2290    1   16
2291    1   14
2292    2   27
2293    2   26
2294    4   47
2295    4   48
2296    4   49
2297    4   49
2298    5   58
2299    1   13
2300    2   30
2301    0    1
2302    0    0
2303    4   47
2304    2   26
2305    6   71
2306    3   39
2307    7   84
2308    4   48
2309    6   71
2310    7   84
2311    6   71
2312    6   71
2313    4   48
2314    7   82
2315    7   80
2316    4   47
2317    3   38
2318    4   48
2319    7   82
2320    7   75
2321    6   71
2322    7   84
2323    6   67
2324    7   78
2325    7   82
2326    3   39
2327    7   86
2328    7   77
2329    3   38
2330    7   86
2331    1   11
2332    1   15
2333    7   84
2334    1   14
2335    1   15
2336    2   27
2337    4   48
2338    2   29
2339    4   47
2340    3   39
2341    3   38
2342    1   15
2343    3   38
2344    5   58
2345    1   16
2346    5   58
2347    4   47
2348    3   36
2349    0    8
2350    4   48
2351    4   47
2352    4   48
2353    4   49
2354    1   12
2355    3   38
2356    1   15
2357    3   39
2358    4   48
2359    4   47
2360    7   85
2361    4   48
2362    3   42
2363    4   47
2364    4   50
2365    4   49
2366    4   46
2367    4   46
2368    1   99
2369    2   22
2370    2   22
2371    7   74
2372    4   48
2373    1   14
2374    1   15
2375    3   40
2376    3   39
2377    3   38
2378    1   15
2379    1   16
2380    1   19
2381    4   48
2382    4   49
2383    1   14
2384    4   46
2385    4   48
2386    3   38
2387    4   47
2388    4   47
2389    4   48
2390    2   29
2391    4   49
2392    0    9
2393    0    8
2394    5   61
2395    0    6
2396    5   91
2397    4   49
2398    2   26
2399    1   15
2400    0    9
2401    4   53
2402    3   33
2403    0    3
2404    3   39
2405    4   48
2406    6   71
2407    4   48
2408    1   16
2409    7   84
2410    7   84
2411    4   48
2412    4   48
2413    4   48
2414    7   82
2415    4   48
2416    4   47
2417    1   16
2418    4   48
2419    3   39
2420    7   86
2421    4   47
2422    4   48
2423    3   40
2424    1   14
2425    4   47
2426    4   48
2427    4   48
2428    4   48
2429    1   15
2430    3   42
2431    3   40
2432    7   84
2433    7   76
2434    3   37
2435    3   36
2436    3   33
2437    4   49
2438    3   40
2439    4   49
2440    3   40
2441    4   51
2442    4   49
2443    0    9
2444    5   60
2445    2   23
2446    5   59
2447    3   42
2448    5   57
2449    5   56
2450    5   58
2451    7   81
2452    5   59
2453    1   99
2454    5   60
2455    5   60
2456    5   57
2457    5   60
2458    5   60
2459    4   47
2460    2   22
2461    5   60
2462    5   59
2463    5   60
2464    7   86
2465    2   23
2466    5   59
2467    1   99
2468    5   59
2469    7   80
2470    5   57
2471    6   70
2472    4   47
2473    4   47
2474    3   41
2475    5   57
2476    7   84
2477    5   59
2478    4   47
2479    1   -1
2480    5   59
2481    5   60
2482    5   58
2483    1   14
2484    5   59
2485    3   35
2486    4   50
2487    2   26
2488    5   61
2489    4   49
2490    2   30
2491    2   30
2492    3   33
2493    0    8
2494    0   -1
2495    4   48
2496    4   48
2497    7   86
2498    5   59
2499    7   86
2500    1   11
2501    2   23
2502    3   37
2503    4   49
2504    4   48
2505    2   23
2506    1   10
2507    5   60
2508    2   29
2509    4   49
2510    3   36
2511    4   49
2512    3   39
2513    3   36
2514    2   27
2515    1   14
2516    3   33
2517    5   57
2518    7   86
2519    3   36
2520    0    8
2521    7   85
2522    3   36
2523    2   26
2524    2   27
2525    2   27
2526    3   33
2527    4   49
2528    2   26
2529    4   46
2530    3   35
2531    7   84
2532    1   12
2533    0    8
2534    4   50
2535    5   56
2536    1   13
2537    1   14
2538    2   27
2539    3   39
2540    5   57
2541    4   47
2542    2   29
2543    5   58
2544    7   80
2545    4   50
2546    5   58
2547    3   38
2548    5   60
2549    1   13
2550    4   48
2551    5   59
2552    3   40
2553    3   39
2554    5   56
2555    1   14
2556    4   47
2557    5   60
2558    1   15
2559    4   47
2560    1   10
2561    2   27
2562    4   48
2563    1   15
2564    1   13
2565    4   47
2566    4   49
2567    4   46
2568    3   39
2569    4   47
2570    4   47
2571    5   60
2572    3   42
2573    3   39
2574    4   47
2575    0    6
2576    1   14
2577    4   47
2578    3   40
2579    3   40
2580    3   39
2581    4   49
2582    4   48
2583    5   60
2584    7   86
2585    3   39
2586    3   42
2587    3   39
2588    1   13
2589    4   49
2590    4   48
2591    1   16
2592    3   40
2593    3   38
2594    4   48
2595    3   38
2596    3   39
2597    3   38
2598    4   47
2599    4   47
2600    3   38
2601    3   33
2602    1   12
2603    3   40
2604    3   40
2605    3   37
2606    5   56
2607    4   47
2608    0    8
2609    3   40
2610    3   38
2611    2   22
2612    1   16
2613    1   13
2614    1   13
2615    0    9
2616    5   58
2617    3   38
2618    3   40
2619    3   33
2620    4   49
2621    7   86
2622    3   39
2623    3   40
2624    3   40
2625    1   10
2626    2   27
2627    4   48
2628    3   38
2629    5   58
2630    4   47
2631    4   46
2632    7   84
2633    3   38
2634    1   15
2635    5   58
2636    7   87
2637    5   59
2638    4   46
2639    4   47
2640    7   84
2641    2   26
2642    3   38
2643    2   29
2644    3   33
2645    7   75
2646    1   16
2647    3   39
2648    0    8
2649    3   40
2650    7   84
2651    3   36
2652    3   40
2653    3   38
2654    3   33
2655    7   80
2656    4   51
2657    7   80
2658    7   80
2659    7   81
2660    3   42
2661    3   40
2662    3   39
2663    7   77
2664    3   42
2665    4   49
2666    3   39
2667    3   42
2668    1   17
2669    3   38
2670    4   51
2671    3   40
2672    3   38
2673    4   48
2674    5   57
2675    3   40
2676    7   85
2677    3   39
2678    3   33
2679    6   70
2680    3   39
2681    3   39
2682    2   27
2683    3   39
2684    3   33
2685    5   56
2686    7   79
2687    7   79
2688    7   79
2689    5   60
2690    7   87
2691    4   47
2692    3   36
2693    3   33
2694    3   33
2695    7   78
2696    7   85
2697    5   59
2698    7   80
2699    7   87
2700    1   11
2701    0    1
2702    5   59
2703    3   40
2704    4   51
2705    3   40
2706    7   85
2707    1   13
2708    5   57
2709    7   79
2710    3   40
2711    7   84
2712    3   33
2713    3   40
2714    1   13
2715    3   33
2716    1   14
2717    5   59
2718    5   59
2719    0    9
2720    5   56
2721    5   59
2722    5   56
2723    4   46
2724    5   60
2725    7   80
2726    7   82
2727    7   83
2728    4   49
2729    5   57
2730    3   40
2731    7   73
2732    4   49
2733    3   36
2734    7   86
2735    5   93
2736    3   33
2737    3   33
2738    4   49
2739    3   40
2740    5   56
2741    5   56
2742    3   39
2743    5   57
2744    3   36
2745    5   56
2746    3   33
2747    5   58
2748    2   23
2749    7   78
2750    5   59
2751    7   81
2752    7   80
2753    4   46
2754    4   49
2755    5   58
2756    5   58
2757    0    3
2758    7   84
2759    5   56
2760    5   60
2761    1   16
2762    7   84
2763    7   87
2764    2   23
2765    5   60
2766    5   60
2767    7   82
2768    4   47
2769    5   61
2770    4   50
2771    5   59
2772    5   60
2773    3   40
2774    5   57
2775    7   84
2776    1   14
2777    4   47
2778    5   60
2779    7   81
2780    1   17
2781    1   17
2782    5   57
2783    3   42
2784    5   57
2785    5   -1
2786    5   59
2787    4   47
2788    5   59
2789    5   60
2790    5   59
2791    5   58
2792    5   58
2793    2   23
2794    5   59
2795    1   16
2796    5   59
2797    4   47
2798    5   58
2799    4   49
2800    1   15
2801    3   39
